{
 "cells": [
  {
   "cell_type": "code",
   "execution_count": 5,
   "metadata": {
    "collapsed": false
   },
   "outputs": [
    {
     "data": {
      "text/plain": [
       "(array([[ -1.40028008e-01,   9.90147543e-01,   0.00000000e+00,\n",
       "          -3.16421336e-17],\n",
       "        [ -4.20084025e-01,  -5.94088526e-02,  -4.26401433e-02,\n",
       "          -9.04534034e-01],\n",
       "        [ -5.60112034e-01,  -7.92118034e-02,  -7.67522579e-01,\n",
       "           3.01511345e-01],\n",
       "        [ -7.00140042e-01,  -9.90147543e-02,   6.39602149e-01,\n",
       "           3.01511345e-01]]),\n",
       " array([  1.23693169e+01,   2.88717587e-16,   1.63522227e-32,\n",
       "          0.00000000e+00]),\n",
       " array([[-0.57735027, -0.57735027, -0.57735027,  0.        ],\n",
       "        [-0.81649658,  0.40824829,  0.40824829, -0.        ],\n",
       "        [-0.        ,  0.70710678, -0.70710678, -0.        ],\n",
       "        [ 0.        ,  0.        ,  0.        ,  1.        ]]))"
      ]
     },
     "execution_count": 5,
     "metadata": {},
     "output_type": "execute_result"
    }
   ],
   "source": [
    "import numpy as np\n",
    "\n",
    "li = [[1, 1, 1, 0], [3, 3, 3, 0], [4, 4, 4, 0], [5, 5, 5, 0]]\n",
    "np.linalg.svd(li)\n"
   ]
  },
  {
   "cell_type": "code",
   "execution_count": 6,
   "metadata": {
    "collapsed": false
   },
   "outputs": [
    {
     "data": {
      "text/plain": [
       "(array([[-0.31086574, -0.36293322,  0.11801342, -0.860986  , -0.12813236],\n",
       "        [-0.40733041, -0.54074246, -0.67670369,  0.2873596 , -0.03429449],\n",
       "        [-0.59446137, -0.20005441,  0.659179  ,  0.35817507,  0.20925479],\n",
       "        [-0.60304575,  0.6953914 , -0.1983751 , -0.05309476, -0.3325581 ],\n",
       "        [-0.1428143 ,  0.22866156, -0.23297063, -0.21217712,  0.90995798]]),\n",
       " array([ 2.28529793,  2.01025824,  1.36069931,  1.11814038,  0.79657684]),\n",
       " array([[ -3.96152775e-01,  -3.14268061e-01,  -1.78239520e-01,\n",
       "          -4.38363755e-01,  -2.63880584e-01,  -5.24004819e-01,\n",
       "          -2.63880584e-01,  -3.26373224e-01],\n",
       "        [ -2.80057367e-01,  -4.49532136e-01,  -2.68991539e-01,\n",
       "          -3.68508309e-01,   3.45921426e-01,   2.46404656e-01,\n",
       "           3.45921426e-01,   4.59668780e-01],\n",
       "        [  5.71171321e-01,  -4.10590545e-01,  -4.97320521e-01,\n",
       "          -1.28791752e-02,  -1.45789077e-01,   3.38652269e-01,\n",
       "          -1.45789077e-01,  -3.17002971e-01],\n",
       "        [ -4.49684978e-01,  -5.13018237e-01,   2.56997782e-01,\n",
       "           5.77328823e-01,  -4.74848765e-02,   2.72846164e-01,\n",
       "          -4.74848765e-02,  -2.37243804e-01],\n",
       "        [  1.01838799e-01,  -2.03906072e-01,  -4.30523318e-02,\n",
       "           2.19640207e-01,  -4.17484024e-01,  -1.54791485e-01,\n",
       "          -4.17484024e-01,   7.24851450e-01],\n",
       "        [ -4.71994358e-01,   4.71994358e-01,  -5.02561069e-01,\n",
       "           3.05667112e-02,  -2.86490527e-01,   4.41427647e-01,\n",
       "          -1.54937120e-01,  -2.31764730e-17],\n",
       "        [  2.11026570e-02,  -2.11026570e-02,  -2.51187008e-01,\n",
       "           2.72289665e-01,  -4.58594760e-01,  -2.93392322e-01,\n",
       "           7.51987082e-01,  -3.84295081e-17],\n",
       "        [ -5.08178670e-02,   5.08178670e-02,  -5.14764626e-01,\n",
       "           4.63946759e-01,   5.66142429e-01,  -4.13128892e-01,\n",
       "          -1.53013538e-01,   2.16265369e-16]]))"
      ]
     },
     "execution_count": 6,
     "metadata": {},
     "output_type": "execute_result"
    }
   ],
   "source": [
    "li2 = [[1, 1, 0, 0, 0, 0, 0, 0], [0, 1, 1, 1, 0, 0, 0, 0], [1, 0, 0, 1, 0, 1, 0 ,0 ], [0, 0, 0, 0, 1, 1, 1, 1], [0, 0, 0, 0, 0, 0, 0, 1]]\n",
    "np.linalg.svd(li2)"
   ]
  }
 ],
 "metadata": {
  "kernelspec": {
   "display_name": "Python 2",
   "language": "python",
   "name": "python2"
  },
  "language_info": {
   "codemirror_mode": {
    "name": "ipython",
    "version": 2
   },
   "file_extension": ".py",
   "mimetype": "text/x-python",
   "name": "python",
   "nbconvert_exporter": "python",
   "pygments_lexer": "ipython2",
   "version": "2.7.13"
  }
 },
 "nbformat": 4,
 "nbformat_minor": 2
}
